4294967278,5
4294967278,4
4294967279,132
4294967279,131
4294967278,292
4294967279,162
4294967278,11
4294967278,10
4294967278,9
4294967278,8
4294967278,7
4294967278,6
4294967278,339
4294967279,296
4294967278,159
4294967278,158
4294967279,159
4294967278,157
4294967279,158
4294967278,156
4294967279,156
4294967278,155
4294967279,155
4294967278,154
4294967278,288
4294967279,153
4294967278,152
4294967278,14
4294967278,13
4294967278,12
4294967279,396
4294967278,336
4294967279,151
4294967278,18
4294967278,17
4294967278,16
4294967278,15
4294967279,443
4294967278,375
4294967279,442
4294967278,373
4294967279,148
4294967278,26
4294967278,137
4294967278,24
4294967278,23
4294967278,22
4294967278,21
4294967278,20
4294967278,19
4294967278,360
4294967294,439
4294967279,440
4294967279,146
4294967279,392
4294967278,372
4294967278,335
4294967279,394
4294967278,334
4294967279,393
4294967278,143
4294967278,333
4294967279,290
4294967278,287
4294967279,142
4294967278,332
4294967279,390
4294967278,25
4294967279,140
4294967278,139
4294967279,139
55,4
55,3
55,2
55,1
4294967279,279
4294967294,129
4294967278,30
4294967278,29
4294967278,28
4294967278,27
4294967279,439
4294967279,277
4294967279,276
4294967279,134
4294967279,283
4294967279,425
4294967278,37
4294967278,36
4294967278,35
4294967278,34
4294967278,33
4294967278,32
4294967278,31
4294967294,97
4294967294,166
4294967294,189
4294967294,184
4294967294,384
4294967294,185
4294967279,438
4294967279,387
4294967279,272
54,4
4294967279,271
54,3
54,2
54,1
4294967279,423
4294967279,270
4294967279,288
4294967279,268
4294967278,42
4294967278,41
4294967278,40
4294967278,39
4294967278,38
4294967279,422
4294967279,266
4294967279,421
4294967279,264
4294967279,263
53,4
53,3
53,2
53,1
4294967278,383
4294967279,262
4294967279,444
4294967279,275
4294967279,281
4294967278,357
4294967278,45
4294967278,44
4294967278,43
4294967278,367
41,4
4294967278,355
4294967279,278
4294967278,46
4294967278,256
4294967278,325
4294967278,353
4294967278,49
4294967278,48
4294967278,47
4294967278,255
4294967278,351
4294967278,322
4294967278,321
4294967278,53
4294967278,52
4294967278,51
4294967278,50
4294967278,365
4294967278,251
4294967279,261
4294967278,248
4294967278,245
4294967278,244
4294967278,59
4294967278,58
4294967278,57
4294967278,56
4294967278,55
4294967278,54
4294967278,247
4294967278,243
4294967278,241
4294967278,239
4294967278,237
4294967278,320
4294967278,234
4294967278,232
52,4
52,3
52,2
52,1
4294967278,230
4294967294,392
4294967294,390
4294967294,389
4294967294,120
4294967278,229
4294967278,227
4294967278,60
4294967279,82
4294967279,81
4294967279,79
4294967279,77
4294967278,223
4294967278,221
4294967278,216
51,4
4294967278,214
51,3
51,2
51,1
4294967278,319
4294967294,128
4294967278,213
4243767290,0
4294967293,133
4294967293,132
4294967279,76
4294967279,74
4294967279,73
4294967278,211
4294967278,317
4294967278,316
4294967278,315
4294967278,208
4294967278,350
4294967279,71
4294967279,70
4294967279,69
4294967279,68
4294967279,67
4294967279,66
4294967279,64
4294967278,382
4294967279,447
4294967278,206
4294967278,381
4294967279,446
4294967279,411
4294967279,0
4294967278,380
4294967279,445
4294967278,379
4294967278,203
4294967278,349
4294967279,63
4294967279,61
4294967279,60
4294967278,314
4294967278,201
4294967278,313
4294967278,200
4294967278,311
4294967278,312
4294967278,364
4294967278,378
4294967278,310
4294967279,58
4294967279,57
4294967279,55
4294967278,195
4294967278,377
4294967278,346
4294967279,406
4294967278,348
4294967279,52
4294967278,309
4294967279,310
4294967278,308
4294967279,308
4294967279,50
4294967279,49
4294967279,48
4294967279,47
4294967279,45
4294967278,307
4294967278,306
4294967278,305
4294967279,190
4294967278,347
4294967279,404
4294967278,304
4294967279,43
4294967278,186
4294967278,303
4294967279,187
4294967278,302
4294967279,40
4294967279,39
4294967278,345
4294967279,185
4294967279,38
4294967278,301
4294967279,403
4294967278,182
4294967279,37
4294967278,300
4294967278,179
4294967279,35
4294967279,33
4294967279,31
4294967279,30
4294967279,29
4294967279,26
4294967279,24
4294967278,344
4294967279,401
4294967278,299
4294967279,178
42,5
40,5
44,5
4294967294,61
4294967294,165
4294967294,24
4294967294,113
4294967294,115
4294967294,387
4294967294,112
4294967294,167
4294967294,162
49,6
4294967279,23
4294967279,21
4294967279,19
4294967279,18
4294967279,15
4294967294,50
4294967279,171
50,5
50,4
4294967279,168
50,3
50,2
50,1
4294967279,398
